1777 07 1777.538  158.3  -1.0    -1
1777 08 1777.623  186.7  -1.0    -1
1777 09 1777.707  193.7  -1.0    -1
1777 10 1777.790  177.5  -1.0    -1
1777 11 1777.874  243.3  -1.0    -1
1777 12 1777.958  262.2  -1.0    -1
1778 01 1778.042  295.5  -1.0    -1
1778 02 1778.123  182.2  -1.0    -1
1778 03 1778.204  223.3  -1.0    -1
1778 04 1778.288  241.7  -1.0    -1
1778 05 1778.371  398.2  -1.0    -1
1778 06 1778.455  286.0  -1.0    -1
1778 07 1778.538  255.0  -1.0    -1
1778 08 1778.623  233.3  -1.0    -1
1778 09 1778.707  286.2  -1.0    -1
1778 10 1778.790  260.5  -1.0    -1
1778 11 1778.874  250.5  -1.0    -1
1778 12 1778.958  175.0  -1.0    -1
1779 01 1779.042  191.2  -1.0    -1
1779 02 1779.123  276.2  -1.0    -1
1779 03 1779.204  196.7  -1.0    -1
1779 04 1779.288  241.7  -1.0    -1
1779 05 1779.371  233.3  -1.0    -1
1779 06 1779.455  189.5  -1.0    -1
1779 07 1779.538  238.3  -1.0    -1
1779 08 1779.623  186.7  -1.0    -1
1779 09 1779.707  185.0  -1.0    -1
1779 10 1779.790  206.7  -1.0    -1
1779 11 1779.874  190.0  -1.0    -1
1779 12 1779.958  183.3  -1.0    -1
1780 01 1780.042  116.7  -1.0    -1
1780 02 1780.124  163.3  -1.0    -1
1780 03 1780.206  163.3  -1.0    -1
1780 04 1780.290  158.3  -1.0    -1
1780 05 1780.373  178.7  -1.0    -1
1780 06 1780.456  146.7  -1.0    -1
1780 07 1780.540  143.3  -1.0    -1
1780 08 1780.624  143.3  -1.0    -1
1780 09 1780.708  156.2  -1.0    -1
1780 10 1780.791  128.3  -1.0    -1
1780 11 1780.874  100.0  -1.0    -1
1780 12 1780.958   97.8  -1.0    -1
1781 01 1781.042  164.5  -1.0    -1
1781 02 1781.123  124.5  -1.0    -1
1781 03 1781.204   88.3  -1.0    -1
1781 04 1781.288  113.8  -1.0    -1
1781 05 1781.371  174.5  -1.0    -1
1781 06 1781.455  162.8  -1.0    -1
1781 07 1781.538  122.5  -1.0    -1
1781 08 1781.623  110.0  -1.0    -1
1781 09 1781.707   85.0  -1.0    -1
1781 10 1781.790   45.5  -1.0    -1
1781 11 1781.874  111.7  -1.0    -1
1781 12 1781.958   58.7  -1.0    -1
1782 01 1782.042   90.0  -1.0    -1
1782 02 1782.123   62.5  -1.0    -1
1782 03 1782.204   61.7  -1.0    -1
1782 04 1782.288   68.3  -1.0    -1
1782 05 1782.371   90.5  -1.0    -1
1782 06 1782.455   63.3  -1.0    -1
1782 07 1782.538   61.7  -1.0    -1
1782 08 1782.623   73.3  -1.0    -1
1782 09 1782.707   56.7  -1.0    -1
1782 10 1782.790   38.7  -1.0    -1
1782 11 1782.874   52.5  -1.0    -1
1782 12 1782.958   50.0  -1.0    -1
1783 01 1783.042   46.7  -1.0    -1
1783 02 1783.123   64.5  -1.0    -1
1783 03 1783.204   44.5  -1.0    -1
1783 04 1783.288   47.2  -1.0    -1
1783 05 1783.371   38.3  -1.0    -1
1783 06 1783.455   42.0  -1.0    -1
1783 07 1783.538   53.7  -1.0    -1
1783 08 1783.623   33.3  -1.0    -1
1783 09 1783.707   30.0  -1.0    -1
1783 10 1783.790   13.3  -1.0    -1
1783 11 1783.874   25.0  -1.0    -1
1783 12 1783.958   17.5  -1.0    -1
1784 01 1784.042   21.7  -1.0    -1
1784 02 1784.124   13.3  -1.0    -1
1784 03 1784.206   18.3  -1.0    -1
1784 04 1784.290   16.7  -1.0    -1
1784 05 1784.373   10.0  -1.0    -1
1784 06 1784.456   15.0  -1.0    -1
1784 07 1784.540   10.0  -1.0    -1
1784 08 1784.624   16.7  -1.0    -1
1784 09 1784.708   16.7  -1.0    -1
1784 10 1784.791   13.3  -1.0    -1
1784 11 1784.874   28.3  -1.0    -1
1784 12 1784.958   23.3  -1.0    -1
1785 01 1785.042   10.8  -1.0    -1
1785 02 1785.123   13.3  -1.0    -1
1785 03 1785.204   15.0  -1.0    -1
1785 04 1785.288   26.2  -1.0    -1
1785 05 1785.371   34.5  -1.0    -1
1785 06 1785.455   43.8  -1.0    -1
1785 07 1785.538   60.5  -1.0    -1
1785 08 1785.623   33.3  -1.0    -1
1785 09 1785.707   53.3  -1.0    -1
1785 10 1785.790   78.7  -1.0    -1
1785 11 1785.874   67.0  -1.0    -1
1785 12 1785.958   45.5  -1.0    -1
1786 01 1786.042   62.0  -1.0    -1
1786 02 1786.123   79.3  -1.0    -1
1786 03 1786.204   79.5  -1.0    -1
1786 04 1786.288  142.3  -1.0    -1
1786 05 1786.371  153.8  -1.0    -1
1786 06 1786.455   98.3  -1.0    -1
1786 07 1786.538  138.3  -1.0    -1
1786 08 1786.623  149.5  -1.0    -1
1786 09 1786.707  185.8  -1.0    -1
1786 10 1786.790  187.2  -1.0    -1
1786 11 1786.874  193.3  -1.0    -1
1786 12 1786.958  187.8  -1.0    -1
1787 01 1787.042  224.5  -1.0    -1
1787 02 1787.123  176.7  -1.0    -1
1787 03 1787.204  145.7  -1.0    -1
1787 04 1787.288  212.0  -1.0    -1
1787 05 1787.371  224.7  -1.0    -1
1787 06 1787.455  165.3  -1.0    -1
1787 07 1787.538  213.3  -1.0    -1
1787 08 1787.623  228.7  -1.0    -1
1787 09 1787.707  262.2  -1.0    -1
1787 10 1787.790  261.7  -1.0    -1
1787 11 1787.874  235.8  -1.0    -1
1787 12 1787.958  290.0  -1.0    -1
1788 01 1788.042  230.0  -1.0    -1
1788 02 1788.124  215.3  -1.0    -1
1788 03 1788.206  238.8  -1.0    -1
1788 04 1788.290  180.8  -1.0    -1
1788 05 1788.373  188.3  -1.0    -1
1788 06 1788.456  257.0  -1.0    -1
1788 07 1788.540  235.8  -1.0    -1
1788 08 1788.624  226.7  -1.0    -1
1788 09 1788.708  235.0  -1.0    -1
1788 10 1788.791  236.7  -1.0    -1
1788 11 1788.874  157.8  -1.0    -1
1788 12 1788.958  215.8  -1.0    -1
1789 01 1789.042  190.0  -1.0    -1
1789 02 1789.123  208.8  -1.0    -1
1789 03 1789.204  200.0  -1.0    -1
1789 04 1789.288  205.5  -1.0    -1
1789 05 1789.371  205.8  -1.0    -1
1789 06 1789.455  200.0  -1.0    -1
1789 07 1789.538  195.0  -1.0    -1
1789 08 1789.623  171.7  -1.0    -1
1789 09 1789.707  186.7  -1.0    -1
1789 10 1789.790  149.5  -1.0    -1
1789 11 1789.874  223.3  -1.0    -1
1789 12 1789.958  225.8  -1.0    -1
1790 01 1790.042  171.7  -1.0    -1
1790 02 1790.123  212.5  -1.0    -1
1790 03 1790.204  160.5  -1.0    -1
1790 04 1790.288  156.7  -1.0    -1
1790 05 1790.371  155.0  -1.0    -1
1790 06 1790.455  151.7  -1.0    -1
1790 07 1790.538  115.5  -1.0    -1
1790 08 1790.623  145.0  -1.0    -1
1790 09 1790.707  128.8  -1.0    -1
1790 10 1790.790  140.5  -1.0    -1
1790 11 1790.874  136.7  -1.0    -1
1790 12 1790.958  123.3  -1.0    -1
1791 01 1791.042  121.2  -1.0    -1
1791 02 1791.123  103.3  -1.0    -1
1791 03 1791.204  123.3  -1.0    -1
1791 04 1791.288  128.7  -1.0    -1
1791 05 1791.371  122.8  -1.0    -1
1791 06 1791.455  107.0  -1.0    -1
1791 07 1791.538  118.3  -1.0    -1
1791 08 1791.623   71.7  -1.0    -1
1791 09 1791.707  110.8  -1.0    -1
1791 10 1791.790  102.8  -1.0    -1
1791 11 1791.874  111.7  -1.0    -1
1791 12 1791.958  110.0  -1.0    -1
1792 01 1792.042   96.7  -1.0    -1
1792 02 1792.124  106.7  -1.0    -1
1792 03 1792.206  105.0  -1.0    -1
1792 04 1792.290  126.2  -1.0    -1
1792 05 1792.373  103.3  -1.0    -1
1792 06 1792.456  101.7  -1.0    -1
1792 07 1792.540   76.3  -1.0    -1
1792 08 1792.624  100.0  -1.0    -1
1792 09 1792.708   98.3  -1.0    -1
1792 10 1792.791   98.3  -1.0    -1
1792 11 1792.874   95.0  -1.0    -1
1792 12 1792.958   93.3  -1.0    -1
1793 01 1793.042   93.3  -1.0    -1
1793 02 1793.123   91.7  -1.0    -1
1793 03 1793.204   92.5  -1.0    -1
1793 04 1793.288   88.3  -1.0    -1
1793 05 1793.371   87.2  -1.0    -1
1793 06 1793.455   85.0  -1.0    -1
1793 07 1793.538   83.3  -1.0    -1
1793 08 1793.623   48.8  -1.0    -1
1793 09 1793.707   40.0  -1.0    -1
1793 10 1793.790   78.3  -1.0    -1
1793 11 1793.874   73.3  -1.0    -1
1793 12 1793.958   76.2  -1.0    -1
1794 01 1794.042   75.0  -1.0    -1
1794 02 1794.123   73.3  -1.0    -1
1794 03 1794.204   63.3  -1.0    -1
1794 04 1794.288   47.3  -1.0    -1
1794 05 1794.371   92.8  -1.0    -1
1794 06 1794.455   69.2  -1.0    -1
1794 07 1794.538   68.3  -1.0    -1
1794 08 1794.623   66.7  -1.0    -1
1794 09 1794.707   18.5  -1.0    -1
1794 10 1794.790   47.5  -1.0    -1
1794 11 1794.874  112.3  -1.0    -1
1794 12 1794.958   85.7  -1.0    -1
1795 01 1795.042   35.7  -1.0    -1
1795 02 1795.123   66.5  -1.0    -1
1795 03 1795.204   21.0  -1.0    -1
1795 04 1795.288   31.0  -1.0    -1
1795 05 1795.371   51.7  -1.0    -1
1795 06 1795.455   28.5  -1.0    -1
1795 07 1795.538   21.5  -1.0    -1
1795 08 1795.623   42.8  -1.0    -1
1795 09 1795.707   22.5  -1.0    -1
1795 10 1795.790   32.5  -1.0    -1
1795 11 1795.874   41.7  -1.0    -1
1795 12 1795.958   30.0  -1.0    -1
1796 01 1796.042   36.7  -1.0    -1
1796 02 1796.124   39.7  -1.0    -1
1796 03 1796.206   26.2  -1.0    -1
1796 04 1796.290   52.8  -1.0    -1
1796 05 1796.373   35.0  -1.0    -1
1796 06 1796.456   11.2  -1.0    -1
1796 07 1796.540   44.8  -1.0    -1
1796 08 1796.624    2.5  -1.0    -1
1796 09 1796.708   30.7  -1.0    -1
1796 10 1796.791   18.3  -1.0    -1
1796 11 1796.874   14.0  -1.0    -1
1796 12 1796.958    8.5  -1.0    -1
1797 01 1797.042   24.0  -1.0    -1
1797 02 1797.123    7.0  -1.0    -1
1797 03 1797.204    6.7  -1.0    -1
1797 04 1797.288    6.7  -1.0    -1
1797 05 1797.371   12.2  -1.0    -1
1797 06 1797.455   18.5  -1.0    -1
1797 07 1797.538    7.2  -1.0    -1
1797 08 1797.623   10.0  -1.0    -1
1797 09 1797.707    9.5  -1.0    -1
1797 10 1797.790   11.5  -1.0    -1
1797 11 1797.874    9.7  -1.0    -1
1797 12 1797.958    5.0  -1.0    -1
1798 01 1798.042    3.3  -1.0    -1
1798 02 1798.123    6.7  -1.0    -1
1798 03 1798.204   20.7  -1.0    -1
1798 04 1798.288    1.8  -1.0    -1
1798 05 1798.371    0.0  -1.0    -1
1798 06 1798.455    0.0  -1.0    -1
1798 07 1798.538    0.0  -1.0    -1
1798 08 1798.623    5.0  -1.0    -1
1798 09 1798.707    4.0  -1.0    -1
1798 10 1798.790    2.5  -1.0    -1
1798 11 1798.874   20.8  -1.0    -1
1798 12 1798.958   16.5  -1.0    -1
1799 01 1799.042    2.7  -1.0    -1
1799 02 1799.123   21.0  -1.0    -1
1799 03 1799.204   36.2  -1.0    -1
1799 04 1799.288   14.0  -1.0    -1
1799 05 1799.371   13.7  -1.0    -1
1799 06 1799.455   17.7  -1.0    -1
1799 07 1799.538    3.5  -1.0    -1
1799 08 1799.623    0.0  -1.0    -1
1799 09 1799.707    0.0  -1.0    -1
1799 10 1799.790    7.7  -1.0    -1
1799 11 1799.874    4.5  -1.0    -1
1799 12 1799.958   14.3  -1.0    -1
1800 01 1800.042   11.5  -1.0    -1
1800 02 1800.123   15.5  -1.0    -1
1800 03 1800.204   23.2  -1.0    -1
1800 04 1800.288    0.0  -1.0    -1
1800 05 1800.371    8.3  -1.0    -1
1800 06 1800.455   39.5  -1.0    -1
1800 07 1800.538   35.0  -1.0    -1
1800 08 1800.623   32.5  -1.0    -1
1800 09 1800.707   19.2  -1.0    -1
1800 10 1800.790   20.5  -1.0    -1
1800 11 1800.874   17.5  -1.0    -1
1800 12 1800.958   66.8  -1.0    -1
1801 01 1801.042   45.0  -1.0    -1
1801 02 1801.123   48.3  -1.0    -1
1801 03 1801.204   50.0  -1.0    -1
1801 04 1801.288   51.7  -1.0    -1
1801 05 1801.371   53.3  -1.0    -1
1801 06 1801.455   52.0  -1.0    -1
1801 07 1801.538   58.3  -1.0    -1
1801 08 1801.623   64.5  -1.0    -1
1801 09 1801.707   55.8  -1.0    -1
1801 10 1801.790   54.3  -1.0    -1
1801 11 1801.874   66.3  -1.0    -1
1801 12 1801.958   80.3  -1.0    -1
1802 01 1802.042   79.7  -1.0    -1
1802 02 1802.123   78.3  -1.0    -1
1802 03 1802.204   68.0  -1.0    -1
1802 04 1802.288   70.0  -1.0    -1
1802 05 1802.371   73.3  -1.0    -1
1802 06 1802.455   76.7  -1.0    -1
1802 07 1802.538   80.0  -1.0    -1
1802 08 1802.623   83.3  -1.0    -1
1802 09 1802.707   86.3  -1.0    -1
1802 10 1802.790   64.2  -1.0    -1
1802 11 1802.874   57.5  -1.0    -1
1802 12 1802.958   83.3  -1.0    -1
1803 01 1803.042   83.3  -1.0    -1
1803 02 1803.123   84.7  -1.0    -1
1803 03 1803.204   49.2  -1.0    -1
1803 04 1803.288   41.7  -1.0    -1
1803 05 1803.371   73.8  -1.0    -1
1803 06 1803.455   60.0  -1.0    -1
1803 07 1803.538   80.5  -1.0    -1
1803 08 1803.623   56.8  -1.0    -1
1803 09 1803.707   75.5  -1.0    -1
1803 10 1803.790   90.5  -1.0    -1
1803 11 1803.874   85.0  -1.0    -1
1803 12 1803.958   80.0  -1.0    -1
1804 01 1804.042   75.5  -1.0    -1
1804 02 1804.124   80.5  -1.0    -1
1804 03 1804.206   80.0  -1.0    -1
1804 04 1804.290   84.3  -1.0    -1
1804 05 1804.373   55.7  -1.0    -1
1804 06 1804.456   58.0  -1.0    -1
1804 07 1804.540   49.7  -1.0    -1
1804 08 1804.624   71.8  -1.0    -1
1804 09 1804.708   88.3  -1.0    -1
1804 10 1804.791  103.8  -1.0    -1
1804 11 1804.874  101.7  -1.0    -1
1804 12 1804.958  100.0  -1.0    -1
1805 01 1805.042  101.7  -1.0    -1
1805 02 1805.123   73.5  -1.0    -1
1805 03 1805.204   85.7  -1.0    -1
1805 04 1805.288   62.5  -1.0    -1
1805 05 1805.371   65.0  -1.0    -1
1805 06 1805.455   67.5  -1.0    -1
1805 07 1805.538   62.7  -1.0    -1
1805 08 1805.623   71.2  -1.0    -1
1805 09 1805.707   74.0  -1.0    -1
1805 10 1805.790   49.0  -1.0    -1
1805 11 1805.874   68.3  -1.0    -1
1805 12 1805.958   63.8  -1.0    -1
1806 01 1806.042   65.0  -1.0    -1
1806 02 1806.123   49.3  -1.0    -1
1806 03 1806.204   54.5  -1.0    -1
1806 04 1806.288   46.2  -1.0    -1
1806 05 1806.371   44.0  -1.0    -1
1806 06 1806.455   42.7  -1.0    -1
1806 07 1806.538   50.0  -1.0    -1
1806 08 1806.623   43.8  -1.0    -1
1806 09 1806.707   40.0  -1.0    -1
1806 10 1806.790   45.0  -1.0    -1
1806 11 1806.874   41.7  -1.0    -1
1806 12 1806.958   40.0  -1.0    -1
1807 01 1807.042   20.0  -1.0    -1
1807 02 1807.123   20.3  -1.0    -1
1807 03 1807.204   16.0  -1.0    -1
1807 04 1807.288   39.7  -1.0    -1
1807 05 1807.371   16.7  -1.0    -1
1807 06 1807.455   20.0  -1.0    -1
1807 07 1807.538   21.2  -1.0    -1
1807 08 1807.623   20.0  -1.0    -1
1807 09 1807.707    9.5  -1.0    -1
1807 10 1807.790   13.3  -1.0    -1
1807 11 1807.874    4.3  -1.0    -1
1807 12 1807.958    0.0  -1.0    -1
1808 01 1808.042    0.0  -1.0    -1
1808 02 1808.124    7.5  -1.0    -1
1808 03 1808.206    0.0  -1.0    -1
1808 04 1808.290   20.5  -1.0    -1
1808 05 1808.373   22.5  -1.0    -1
1808 06 1808.456   22.5  -1.0    -1
1808 07 1808.540   11.2  -1.0    -1
1808 08 1808.624   13.3  -1.0    -1
1808 09 1808.708   19.5  -1.0    -1
1808 10 1808.791    7.8  -1.0    -1
1808 11 1808.874   17.5  -1.0    -1
1808 12 1808.958   20.5  -1.0    -1
1809 01 1809.042   12.0  -1.0    -1
1809 02 1809.123   15.3  -1.0    -1
1809 03 1809.204    1.5  -1.0    -1
1809 04 1809.288    4.2  -1.0    -1
1809 05 1809.371    3.3  -1.0    -1
1809 06 1809.455   12.8  -1.0    -1
1809 07 1809.538    0.5  -1.0    -1
1809 08 1809.623    0.3  -1.0    -1
1809 09 1809.707    0.7  -1.0    -1
1809 10 1809.790    0.0  -1.0    -1
1809 11 1809.874    0.0  -1.0    -1
1809 12 1809.958    0.0  -1.0    -1
1810 01 1810.042    0.0  -1.0    -1
1810 02 1810.123    0.0  -1.0    -1
1810 03 1810.204    0.0  -1.0    -1
1810 04 1810.288    0.0  -1.0    -1
1810 05 1810.371    0.0  -1.0    -1
1810 06 1810.455    0.0  -1.0    -1
1810 07 1810.538    0.0  -1.0    -1
1810 08 1810.623    0.0  -1.0    -1
1810 09 1810.707    0.0  -1.0    -1
1810 10 1810.790    0.0  -1.0    -1
1810 11 1810.874    0.0  -1.0    -1
1810 12 1810.958    0.0  -1.0    -1
1811 01 1811.042    0.0  -1.0    -1
1811 02 1811.123    0.0  -1.0    -1
1811 03 1811.204    0.0  -1.0    -1
1811 04 1811.288    0.0  -1.0    -1
1811 05 1811.371    0.0  -1.0    -1
1811 06 1811.455    0.0  -1.0    -1
1811 07 1811.538   11.0  -1.0    -1
1811 08 1811.623    0.0  -1.0    -1
1811 09 1811.707    4.0  -1.0    -1
1811 10 1811.790   10.2  -1.0    -1
1811 11 1811.874    1.3  -1.0    -1
1811 12 1811.958    1.8  -1.0    -1
1812 01 1812.042   18.8  -1.0    -1
1812 02 1812.124    3.2  -1.0    -1
1812 03 1812.206    1.2  -1.0    -1
1812 04 1812.290    0.0  -1.0    -1
1812 05 1812.373    1.7  -1.0    -1
1812 06 1812.456    2.2  -1.0    -1
1812 07 1812.540    0.8  -1.0    -1
1812 08 1812.624   26.0  -1.0    -1
1812 09 1812.708    8.7  -1.0    -1
1812 10 1812.791    6.5  -1.0    -1
1812 11 1812.874   13.2  -1.0    -1
1812 12 1812.958   16.8  -1.0    -1
1813 01 1813.042    0.0  -1.0    -1
1813 02 1813.123   17.2  -1.0    -1
1813 03 1813.204    3.2  -1.0    -1
1813 04 1813.288   27.7  -1.0    -1
1813 05 1813.371    9.2  -1.0    -1
1813 06 1813.455   18.7  -1.0    -1
1813 07 1813.538   30.5  -1.0    -1
1813 08 1813.623   14.0  -1.0    -1
1813 09 1813.707   25.5  -1.0    -1
1813 10 1813.790   46.3  -1.0    -1
1813 11 1813.874   27.8  -1.0    -1
1813 12 1813.958   23.8  -1.0    -1
1814 01 1814.042   37.0  -1.0    -1
1814 02 1814.123   20.0  -1.0    -1
1814 03 1814.204    9.5  -1.0    -1
1814 04 1814.288   39.7  -1.0    -1
1814 05 1814.371    9.7  -1.0    -1
1814 06 1814.455   24.8  -1.0    -1
1814 07 1814.538   30.8  -1.0    -1
1814 08 1814.623    3.8  -1.0    -1
1814 09 1814.707   13.5  -1.0    -1
1814 10 1814.790   32.2  -1.0    -1
1814 11 1814.874   24.2  -1.0    -1
1814 12 1814.958   33.5  -1.0    -1
1815 01 1815.042   32.0  -1.0    -1
1815 02 1815.123   53.7  -1.0    -1
1815 03 1815.204   43.7  -1.0    -1
1815 04 1815.288   52.7  -1.0    -1
1815 05 1815.371   16.3  -1.0    -1
1815 06 1815.455   93.2  -1.0    -1
1815 07 1815.538   59.2  -1.0    -1
1815 08 1815.623   78.7  -1.0    -1
1815 09 1815.707   52.5  -1.0    -1
1815 10 1815.790   55.8  -1.0    -1
1815 11 1815.874   62.0  -1.0    -1
1815 12 1815.958  108.3  -1.0    -1
1816 01 1816.042   43.8  -1.0    -1
1816 02 1816.124  114.7  -1.0    -1
1816 03 1816.206  122.8  -1.0    -1
1816 04 1816.290   98.0  -1.0    -1
1816 05 1816.373   73.8  -1.0    -1
1816 06 1816.456   72.7  -1.0    -1
1816 07 1816.540   64.7  -1.0    -1
1816 08 1816.624   38.7  -1.0    -1
1816 09 1816.708   79.7  -1.0    -1
1816 10 1816.791   94.0  -1.0    -1
1816 11 1816.874   63.5  -1.0    -1
1816 12 1816.958   49.8  -1.0    -1
1817 01 1817.042   60.7  -1.0    -1
1817 02 1817.123   96.5  -1.0    -1
1817 03 1817.204  160.3  -1.0    -1
1817 04 1817.288   44.0  -1.0    -1
1817 05 1817.371   35.3  -1.0    -1
1817 06 1817.455   66.7  -1.0    -1
1817 07 1817.538   83.3  -1.0    -1
1817 08 1817.623   75.0  -1.0    -1
1817 09 1817.707   61.2  -1.0    -1
1817 10 1817.790   42.7  -1.0    -1
1817 11 1817.874   48.2  -1.0    -1
1817 12 1817.958   47.3  -1.0    -1
1818 01 1818.042   58.1   9.7     8
1818 02 1818.123   37.4   7.8    14
1818 03 1818.204   42.4   8.3    14
1818 04 1818.288   57.5   9.6    21
1818 05 1818.371   88.5  11.9    25
1818 06 1818.455   60.8   9.9    25
1818 07 1818.538   46.8   8.7    21
1818 08 1818.623   52.6   9.2    20
1818 09 1818.707   43.4   8.3    18
1818 10 1818.790   52.8   9.2    22
1818 11 1818.874   18.3   5.5    12
1818 12 1818.958   43.0   8.4    13
1819 01 1819.042   54.7   9.4    12
1819 02 1819.123   34.6   7.5    10
1819 03 1819.204    6.3   3.6    23
1819 04 1819.288   33.7   7.4    23
1819 05 1819.371   32.6   7.3    31
1819 06 1819.455   58.3   9.7    23
1819 07 1819.538   52.5   9.2    15
1819 08 1819.623   43.5   8.4    24
1819 09 1819.707   24.8   6.4    27
1819 10 1819.790   45.9   8.6    22
1819 11 1819.874   41.8   8.3    19
1819 12 1819.958   50.9   9.1    20
1820 01 1820.042   32.0   7.3    19
1820 02 1820.124   44.4   8.4    14
1820 03 1820.206    7.5   3.9    23
1820 04 1820.290   32.3   7.3    19
1820 05 1820.373   48.9   8.8    20
1820 06 1820.456   17.9   5.6    25
1820 07 1820.540   34.1   7.4     7
1820 08 1820.624   43.1   8.3    17
1820 09 1820.708    8.6   4.0    25
1820 10 1820.791   14.9   5.2    26
1820 11 1820.874   13.2   4.8    13
1820 12 1820.958   15.1   5.2    16
1821 01 1821.042   36.0   7.6     8
1821 02 1821.123    7.0   3.8    24
1821 03 1821.204    9.5   4.2    29
1821 04 1821.288   15.2   5.2    18
1821 05 1821.371    2.8   2.8    31
1821 06 1821.455    3.0   2.9    29
1821 07 1821.538    4.3   3.2    24
1821 08 1821.623    8.0   3.9    26
1821 09 1821.707    7.3   3.9    29
1821 10 1821.790   31.4   7.2    28
1821 11 1821.874    7.3   3.9    27
1821 12 1821.958    0.4   2.1    31
1822 01 1822.042    0.0   2.0    31
1822 02 1822.123    1.5   2.5    28
1822 03 1822.204   26.9   6.6    28
1822 04 1822.288   21.7   6.0    26
1822 05 1822.371    2.4   2.8    30
1822 06 1822.455    9.3   4.2    29
1822 07 1822.538   13.2   4.9    29
1822 08 1822.623    3.4   3.0    31
1822 09 1822.707    0.0   2.0    30
1822 10 1822.790    0.6   2.2    31
1822 11 1822.874    0.0   2.0    30
1822 12 1822.958    0.0   2.0    30
1823 01 1823.042    0.0   2.0    31
1823 02 1823.123    0.0   2.0    28
1823 03 1823.204    1.0   2.3    29
1823 04 1823.288    0.0   2.0    30
1823 05 1823.371    0.0   2.0    25
1823 06 1823.455    0.0   2.0    23
1823 07 1823.538    0.8   2.2    24
1823 08 1823.623    0.0   2.0    27
1823 09 1823.707    0.0   2.0    27
1823 10 1823.790    0.0   2.0    20
1823 11 1823.874    0.0   2.0    20
1823 12 1823.958   34.0   7.4    18
1824 01 1824.042   36.0   7.6     3
1824 02 1824.124   18.0   4.8     0
1824 03 1824.206    0.0   2.0    21
1824 04 1824.290   32.3   7.2     8
1824 05 1824.373    4.6   3.3    19
1824 06 1824.456    0.0   2.0    25
1824 07 1824.540    0.0   2.0    21
1824 08 1824.624    2.3   2.7    15
1824 09 1824.708   34.3   7.5    19
1824 10 1824.791   42.0   8.2    25
1824 11 1824.874    0.0   2.0    18
1824 12 1824.958    1.4   2.4    20
1825 01 1825.042    8.4   4.1    29
1825 02 1825.123   25.9   6.6    24
1825 03 1825.204   37.4   7.8    27
1825 04 1825.288    6.2   3.6    25
1825 05 1825.371   25.8   6.4    25
1825 06 1825.455   25.6   6.5    28
1825 07 1825.538   51.5   9.1    30
1825 08 1825.623   42.8   8.3    30
1825 09 1825.707   26.2   6.6    26
1825 10 1825.790   26.0   6.6    25
1825 11 1825.874   19.6   5.7    18
1825 12 1825.958   36.7   7.7    23
1826 01 1826.042   29.4   6.9    21
1826 02 1826.123   30.2   7.0    25
1826 03 1826.204   61.3   9.9    28
1826 04 1826.288   40.0   8.1    27
1826 05 1826.371   53.9   9.3    30
1826 06 1826.455   61.7  10.0    29
1826 07 1826.538   87.5  11.9    30
1826 08 1826.623   66.0  10.4    31
1826 09 1826.707   31.6   7.2    30
1826 10 1826.790   84.4  11.6    28
1826 11 1826.874   65.8  10.3    22
1826 12 1826.958  113.6  13.5    19
1827 01 1827.042   57.7   9.7    23
1827 02 1827.123   79.0  11.3    25
1827 03 1827.204   96.3  12.4    28
1827 04 1827.288   76.7  11.1    27
1827 05 1827.371   93.8  12.3    30
1827 06 1827.455   94.4  12.3    26
1827 07 1827.538   70.4  10.6    31
1827 08 1827.623   89.4  12.0    29
1827 09 1827.707   82.6  11.5    30
1827 10 1827.790   93.5  12.2    27
1827 11 1827.874   80.4  11.4    20
1827 12 1827.958   76.8  11.1    25
1828 01 1828.042   88.0  11.9    18
1828 02 1828.124  107.3  13.1    22
1828 03 1828.206  108.5  13.2    24
1828 04 1828.290  101.9  12.8    29
1828 05 1828.373  148.6  15.5    27
1828 06 1828.456  163.4  16.2    26
1828 07 1828.540   90.4  12.0    31
1828 08 1828.624  127.3  14.3    31
1828 09 1828.708   83.9  11.6    30
1828 10 1828.791   91.1  12.1    26
1828 11 1828.874   95.0  12.3    22
1828 12 1828.958   78.1  11.2    15
1829 01 1829.042   71.6  10.7    14
1829 02 1829.123   82.3  11.5    20
1829 03 1829.204  120.6  13.9    26
1829 04 1829.288  158.4  15.9    29
1829 05 1829.371  112.3  13.4    29
1829 06 1829.455  123.2  14.1    28
1829 07 1829.538  151.5  15.6    28
1829 08 1829.623  129.3  14.4    27
1829 09 1829.707   88.0  11.9    26
1829 10 1829.790   95.3  12.4    23
1829 11 1829.874  112.7  13.4    19
1829 12 1829.958   94.1  12.3    22
1830 01 1830.042   87.0  11.8    17
1830 02 1830.123  120.1  13.9    18
1830 03 1830.204  141.0  15.1    20
1830 04 1830.288  177.3  16.9    26
1830 05 1830.371  110.5  13.3    28
1830 06 1830.455  108.4  13.2    27
1830 07 1830.538   73.2  10.8    26
1830 08 1830.623   84.6  11.7    25
1830 09 1830.707  103.4  12.9    24
1830 10 1830.790  140.6  15.0    25
1830 11 1830.874  135.4  14.7    19
1830 12 1830.958  136.8  14.8    13
1831 01 1831.042   79.0  11.3    22
1831 02 1831.123   83.6  11.6    21
1831 03 1831.204  155.8  15.8    25
1831 04 1831.288   90.9  12.1    27
1831 05 1831.371   63.4  10.1    31
1831 06 1831.455   55.6   9.4    27
1831 07 1831.538   75.4  11.0    29
1831 08 1831.623   91.6  12.1    28
1831 09 1831.707   63.2  10.1    22
1831 10 1831.790   77.1  11.1    23
1831 11 1831.874   72.5  10.8    15
1831 12 1831.958   48.3   8.8    15
1832 01 1832.042   51.5   9.1    11
1832 02 1832.124   92.6  12.2    23
1832 03 1832.206   91.9  12.1    21
1832 04 1832.290   44.8   8.5    27
1832 05 1832.373   68.9  10.5    28
1832 06 1832.456   44.5   8.4    22
1832 07 1832.540   23.3   6.2    25
1832 08 1832.624   14.8   5.1    31
1832 09 1832.708   13.7   4.9    29
1832 10 1832.791   35.2   7.5    25
1832 11 1832.874   23.8   6.2    18
1832 12 1832.958   45.8   8.6    17
1833 01 1833.042   18.7   5.7    22
1833 02 1833.123   24.9   6.5    21
1833 03 1833.204   19.6   5.8    19
1833 04 1833.288    4.6   3.3    27
1833 05 1833.371   21.5   6.0    28
1833 06 1833.455    1.7   2.5    30
1833 07 1833.538   11.6   4.6    27
1833 08 1833.623    9.5   4.2    30
1833 09 1833.707   19.3   5.8    16
1833 10 1833.790   12.5   4.7    29
1833 11 1833.874    9.8   4.2    24
1833 12 1833.958   16.6   5.3    19
1834 01 1834.042    8.2   4.0    11
1834 02 1834.123   30.1   7.0    20
1834 03 1834.204    6.5   3.7    24
1834 04 1834.288    2.4   2.7    25
1834 05 1834.371   14.8   5.0    30
1834 06 1834.455   13.1   4.8    28
1834 07 1834.538   14.4   5.0    22
1834 08 1834.623    6.6   3.7    29
1834 09 1834.707   19.2   5.6    21
1834 10 1834.790   41.3   8.2    20
1834 11 1834.874   50.9   9.1    15
1834 12 1834.958   57.5   9.6    15
1835 01 1835.042   12.4   4.7    22
1835 02 1835.123   40.7   8.1    15
1835 03 1835.204   32.7   7.3    18
1835 04 1835.288  102.4  12.8    14
1835 05 1835.371   72.6  10.8    22
1835 06 1835.455   55.2   9.4    17
1835 07 1835.538   99.6  12.7    13
1835 08 1835.623   98.5  12.6     2
1835 09 1835.707  168.0  16.4    11
1835 10 1835.790  158.6  16.0    16
1835 11 1835.874  166.7  16.4    15
1835 12 1835.958  129.3  14.4     8
1836 01 1836.042  147.6  15.4    17
1836 02 1836.124  179.4  17.0    14
1836 03 1836.206  163.7  16.2    12
1836 04 1836.290  238.0  19.6    16
1836 05 1836.373  185.7  17.3    23
1836 06 1836.456  207.9  18.3    15
1836 07 1836.540  194.6  17.7    15
1836 08 1836.624  179.6  17.0    16
1836 09 1836.708  158.5  16.0    12
1836 10 1836.791  228.9  19.2    11
1836 11 1836.874  201.5  18.0    11
1836 12 1836.958  343.8  23.5     4
1837 01 1837.042  313.4  22.4    10
1837 02 1837.123  292.6  21.7    13
1837 03 1837.204  224.3  19.0    12
1837 04 1837.288  230.3  19.2    10
1837 05 1837.371  186.1  17.3    15
1837 06 1837.455  263.4  20.6    18
1837 07 1837.538  271.2  20.9     9
1837 08 1837.623  223.5  18.9    11
1837 09 1837.707  160.4  16.1    19
1837 10 1837.790  206.2  18.2    18
1837 11 1837.874  178.4  16.9     7
1837 12 1837.958  216.1  18.6     8
1838 01 1838.042  241.5  19.7    11
1838 02 1838.123  141.3  15.1    18
1838 03 1838.204  234.5  19.4    12
1838 04 1838.288  211.1  18.4    16
1838 05 1838.371  229.4  19.2    20
1838 06 1838.455  157.6  15.9    19
1838 07 1838.538  180.4  17.0    21
1838 08 1838.623  131.3  14.5    15
1838 09 1838.707  122.7  14.0    23
1838 10 1838.790  151.5  15.6    16
1838 11 1838.874  129.2  14.4    16
1838 12 1838.958  132.9  14.6    14
1839 01 1839.042  175.9  16.8    15
1839 02 1839.123  170.8  16.6    12
1839 03 1839.204  129.5  14.4    15
1839 04 1839.288  102.9  12.9    14
1839 05 1839.371   89.6  12.0    22
1839 06 1839.455   91.2  12.1    20
1839 07 1839.538  141.3  15.1    25
1839 08 1839.623  218.8  18.7    17
1839 09 1839.707  221.1  18.8    18
1839 10 1839.790  151.5  15.6    16
1839 11 1839.874  114.7  13.6    11
1839 12 1839.958  106.2  13.1     9
1840 01 1840.042  135.4  14.7    18
1840 02 1840.124  146.1  15.3    14
1840 03 1840.206  112.9  13.5    18
1840 04 1840.290  109.8  13.3    21
1840 05 1840.373  115.4  13.6    22
1840 06 1840.456   80.9  11.4    27
1840 07 1840.540  101.0  12.7    23
1840 08 1840.624   96.4  12.4    24
1840 09 1840.708  123.3  14.1    20
1840 10 1840.791   91.7  12.1    19
1840 11 1840.874   90.4  12.0    20
1840 12 1840.958   89.5  12.0    22
1841 01 1841.042   40.1   8.1    15
1841 02 1841.123   49.9   8.9    20
1841 03 1841.204   49.6   8.9    22
1841 04 1841.288   66.9  10.4    28
1841 05 1841.371  112.4  13.5    27
1841 06 1841.455   92.8  12.2    24
1841 07 1841.538   51.4   9.1    27
1841 08 1841.623   65.4  10.3    28
1841 09 1841.707   60.9   9.9    28
1841 10 1841.790   47.4   8.7    19
1841 11 1841.874   32.9   7.3    20
1841 12 1841.958   64.8  10.2    19
1842 01 1842.042   34.0   7.5    20
1842 02 1842.123   36.8   7.8    22
1842 03 1842.204   36.2   7.7    25
1842 04 1842.288   44.9   8.5    30
1842 05 1842.371   41.4   8.2    31
1842 06 1842.455   34.2   7.4    30
1842 07 1842.538   21.0   6.0    31
1842 08 1842.623   44.4   8.5    31
1842 09 1842.707   30.6   7.1    28
1842 10 1842.790   63.5  10.1    23
1842 11 1842.874   67.5  10.4    25
1842 12 1842.958   29.3   6.9    15
1843 01 1843.042   22.2   6.1    22
1843 02 1843.123    5.9   3.5    14
1843 03 1843.204   13.9   5.0    29
1843 04 1843.288   15.8   5.2    29
1843 05 1843.371   35.1   7.6    30
1843 06 1843.455   17.6   5.4    30
1843 07 1843.538   15.9   5.2    31
1843 08 1843.623   19.6   5.8    31
1843 09 1843.707    6.9   3.7    30
1843 10 1843.790    8.9   4.1    31
1843 11 1843.874   31.7   7.2    27
1843 12 1843.958   21.2   6.0    16
1844 01 1844.042   15.7   5.2    24
1844 02 1844.124   24.5   6.4    22
1844 03 1844.206   22.5   6.1    21
1844 04 1844.290   34.6   7.5    28
1844 05 1844.373   19.2   5.7    25
1844 06 1844.456    6.2   3.6    29
1844 07 1844.540   35.2   7.6    29
1844 08 1844.624   39.7   8.1    28
1844 09 1844.708   11.6   4.7    27
1844 10 1844.791   35.9   7.7    25
1844 11 1844.874   17.9   5.6    16
1844 12 1844.958   36.0   7.6    20
1845 01 1845.042   42.8   8.3    17
1845 02 1845.123   72.8  10.8    17
1845 03 1845.204   72.1  10.8    22
1845 04 1845.288   95.0  12.3    25
1845 05 1845.371   79.7  11.3    27
1845 06 1845.455   51.8   9.2    25
1845 07 1845.538   51.0   9.1    24
1845 08 1845.623   53.9   9.3    27
1845 09 1845.707   49.3   9.0    26
1845 10 1845.790   67.8  10.4    19
1845 11 1845.874   65.7  10.3    23
1845 12 1845.958   99.5  12.6    13
1846 01 1846.042   64.6  10.2    19
1846 02 1846.123   84.9  11.7    21
1846 03 1846.204  106.5  13.1    22
1846 04 1846.288  115.5  13.6    19
1846 05 1846.371   99.9  12.7    21
1846 06 1846.455  108.4  13.2    28
1846 07 1846.538   77.5  11.1    26
1846 08 1846.623   91.3  12.1    26
1846 09 1846.707  178.6  16.9    23
1846 10 1846.790   93.4  12.2    16
1846 11 1846.874  100.6  12.7    16
1846 12 1846.958  109.1  13.2    10
1847 01 1847.042  104.4  12.9    11
1847 02 1847.123   74.9  10.9    10
1847 03 1847.204  143.0  15.1    19
1847 04 1847.288   74.6  10.9    20
1847 05 1847.371  125.7  14.2    26
1847 06 1847.455  142.2  15.1    25
1847 07 1847.538   87.1  11.8    25
1847 08 1847.623  234.3  19.4    28
1847 09 1847.707  268.2  20.7    15
1847 10 1847.790  300.6  22.0    19
1847 11 1847.874  231.5  19.3    20
1847 12 1847.958  182.6  17.1    14
1848 01 1848.042  265.2  20.6    14
1848 02 1848.124  186.4  17.3    13
1848 03 1848.206  181.2  17.1    17
1848 04 1848.290  178.6  16.9    18
1848 05 1848.373  170.5  16.5    27
1848 06 1848.456  214.9  18.6    24
1848 07 1848.540  232.0  19.3    27
1848 08 1848.624  220.9  18.8    21
1848 09 1848.708  167.3  16.4    20
1848 10 1848.791  220.6  18.8    13
1848 11 1848.874  191.0  17.5    16
1848 12 1848.958  265.8  20.7    24
1849 01 1849.042  298.3  21.4    31
1849 02 1849.123  250.3  19.5    28
1849 03 1849.204  182.7  16.6    31
1849 04 1849.288  194.7  17.1    30
1849 05 1849.371  153.2  15.1    31
1849 06 1849.455  154.2  15.2    30
1849 07 1849.538  148.2  14.9    31
1849 08 1849.623  128.6  13.8    31
1849 09 1849.707  178.0  16.3    30
1849 10 1849.790  135.7  14.2    31
1849 11 1849.874  188.2  16.8    30
1849 12 1849.958  184.3  16.6    31
1850 01 1850.042  148.2  14.9    31
1850 02 1850.123  169.8  15.9    28
1850 03 1850.204  156.8  15.3    31
1850 04 1850.288   83.8  11.1    30
1850 05 1850.371  117.0  13.1    31
1850 06 1850.455  133.0  14.1    30
1850 07 1850.538   74.3  10.5    31
1850 08 1850.623  117.0  13.1    31
1850 09 1850.707  163.7  15.6    30
1850 10 1850.790  134.9  14.1    31
1850 11 1850.874  104.1  12.4    30
1850 12 1850.958  115.9  13.1    31
1851 01 1851.042  143.5  14.7    31
1851 02 1851.123  200.1  17.3    28
1851 03 1851.204  122.8  13.5    31
1851 04 1851.288  107.3  12.6    30
1851 05 1851.371  118.9  13.3    31
1851 06 1851.455  120.0  13.3    30
1851 07 1851.538   68.6  10.0    31
1851 08 1851.623  109.0  12.7    31
1851 09 1851.707  128.9  13.8    30
1851 10 1851.790  118.7  13.3    31
1851 11 1851.874   96.8  11.9    30
1851 12 1851.958  135.5  14.2    31
1852 01 1852.042  129.9  13.9    31
1852 02 1852.124  126.2  13.7    29
1852 03 1852.206  116.2  13.1    31
1852 04 1852.290  124.3  13.6    30
1852 05 1852.373  104.3  12.4    31
1852 06 1852.456   89.0  11.4    30
1852 07 1852.540   80.0  10.8    31
1852 08 1852.624   75.3  10.5    31
1852 09 1852.708   71.2  10.2    30
1852 10 1852.791  127.9  13.8    31
1852 11 1852.874  103.1  12.3    30
1852 12 1852.958   86.1  11.3    31
1853 01 1853.042   77.9  10.7    31
1853 02 1853.123   81.5  10.9    28
1853 03 1853.204   71.6  10.2    31
1853 04 1853.288   90.4  11.5    30
1853 05 1853.371   65.9   9.8    31
1853 06 1853.455   76.0  10.6    30
1853 07 1853.538   87.2  11.3    31
1853 08 1853.623   95.8  11.9    31
1853 09 1853.707   63.7   9.7    30
1853 10 1853.790   80.5  10.9    31
1853 11 1853.874   54.7   8.9    30
1853 12 1853.958   44.5   8.0    31
1854 01 1854.042   29.3   6.5    31
1854 02 1854.123   38.0   7.4    28
1854 03 1854.204   39.4   7.6    31
1854 04 1854.288   50.3   8.6    30
1854 05 1854.371   45.6   8.2    31
1854 06 1854.455   40.1   7.6    30
1854 07 1854.538   35.5   7.2    31
1854 08 1854.623   30.1   6.6    31
1854 09 1854.707   42.6   7.9    30
1854 10 1854.790   24.1   5.9    31
1854 11 1854.874   53.5   8.8    30
1854 12 1854.958   41.1   7.7    31
1855 01 1855.042   23.4   5.8    31
1855 02 1855.123   21.6   5.6    28
1855 03 1855.204   33.0   6.9    31
1855 04 1855.288    8.4   3.5    30
1855 05 1855.371   17.3   5.0    31
1855 06 1855.455   10.0   3.8    30
1855 07 1855.538    0.7   1.0    31
1855 08 1855.623    5.9   2.9    31
1855 09 1855.707    0.0   0.0    30
1855 10 1855.790   18.3   5.1    31
1855 11 1855.874    7.9   3.4    30
1855 12 1855.958    5.8   2.9    31
1856 01 1856.042    1.0   1.2    31
1856 02 1856.124    9.3   3.7    29
1856 03 1856.206    0.7   1.0    31
1856 04 1856.290   12.4   4.2    30
1856 05 1856.373    0.0   0.0    31
1856 06 1856.456    9.8   3.8    30
1856 07 1856.540    8.8   3.6    31
1856 08 1856.624   11.3   4.0    31
1856 09 1856.708    8.4   3.5    30
1856 10 1856.791    8.5   3.5    31
1856 11 1856.874   14.7   4.6    30
1856 12 1856.958   13.7   4.4    31
1857 01 1857.042   26.0   6.1    31
1857 02 1857.123   14.2   4.5    28
1857 03 1857.204   10.0   3.8    31
1857 04 1857.288   21.1   5.5    30
1857 05 1857.371   54.2   8.9    31
1857 06 1857.455   30.5   6.6    30
1857 07 1857.538   42.2   7.8    31
1857 08 1857.623   32.0   6.8    31
1857 09 1857.707   80.6  10.9    30
1857 10 1857.790   77.1  10.6    31
1857 11 1857.874   59.6   9.3    30
1857 12 1857.958   70.7  10.2    31
1858 01 1858.042   74.2  10.4    31
1858 02 1858.123   66.3   9.9    28
1858 03 1858.204  109.2  12.7    31
1858 04 1858.288   72.8  10.3    30
1858 05 1858.371   78.6  10.7    31
1858 06 1858.455   84.5  11.1    30
1858 07 1858.538  107.7  12.6    31
1858 08 1858.623  104.9  12.5    31
1858 09 1858.707  152.2  15.1    30
1858 10 1858.790  173.2  16.1    31
1858 11 1858.874   98.6  12.1    30
1858 12 1858.958  127.0  13.7    31
1859 01 1859.042  159.0  15.4    31
1859 02 1859.123  166.4  15.8    28
1859 03 1859.204  171.5  16.0    31
1859 04 1859.288  162.9  15.6    30
1859 05 1859.371  172.8  16.1    31
1859 06 1859.455  165.2  15.7    30
1859 07 1859.538  180.7  16.5    31
1859 08 1859.623  203.0  17.5    31
1859 09 1859.707  200.9  17.4    30
1859 10 1859.790  217.8  18.1    31
1859 11 1859.874  184.6  16.6    30
1859 12 1859.958  153.9  15.1    31
1860 01 1860.042  156.6  15.3    31
1860 02 1860.124  167.9  15.9    29
1860 03 1860.206  188.0  16.8    31
1860 04 1860.290  135.7  14.2    30
1860 05 1860.373  203.5  17.5    31
1860 06 1860.456  206.3  17.7    30
1860 07 1860.540  221.9  18.3    31
1860 08 1860.624  190.5  16.9    31
1860 09 1860.708  175.2  16.2    30
1860 10 1860.791  171.1  16.0    31
1860 11 1860.874  186.0  16.7    30
1860 12 1860.958  181.7  16.5    31
1861 01 1861.042  118.5  13.2    31
1861 02 1861.123  147.5  14.8    28
1861 03 1861.204  192.0  17.0    31
1861 04 1861.288  187.1  16.8    30
1861 05 1861.371  107.8  12.6    31
1861 06 1861.455  167.5  15.8    30
1861 07 1861.538  148.2  14.8    31
1861 08 1861.623  156.7  15.3    31
1861 09 1861.707  151.9  15.0    30
1861 10 1861.790  127.7  13.8    31
1861 11 1861.874  102.0  12.3    30
1861 12 1861.958  152.8  15.1    31
1862 01 1862.042  119.9  13.3    31
1862 02 1862.123  122.4  13.5    28
1862 03 1862.204   82.7  11.0    31
1862 04 1862.288  102.1  12.2    30
1862 05 1862.371  122.4  13.4    31
1862 06 1862.455  159.7  15.4    30
1862 07 1862.538  139.5  14.4    31
1862 08 1862.623  118.7  13.2    31
1862 09 1862.707  126.4  13.7    30
1862 10 1862.790   79.8  10.8    31
1862 11 1862.874   96.0  11.9    30
1862 12 1862.958   77.6  10.7    31
1863 01 1863.042   91.8  11.6    31
1863 02 1863.123  107.7  12.6    28
1863 03 1863.204  126.0  13.6    31
1863 04 1863.288   77.1  10.6    30
1863 05 1863.371  102.1  12.2    31
1863 06 1863.455   77.6  10.7    30
1863 07 1863.538   62.0   9.5    31
1863 08 1863.623   91.3  11.6    31
1863 09 1863.707   41.7   7.8    30
1863 10 1863.790   75.7  10.5    31
1863 11 1863.874   71.6  10.2    30
1863 12 1863.958   78.1  10.7    31
1864 01 1864.042  109.7  12.7    31
1864 02 1864.124   89.5  11.5    29
1864 03 1864.206  125.9  13.6    31
1864 04 1864.290   68.1  10.0    30
1864 05 1864.373   77.1  10.6    31
1864 06 1864.456  109.9  12.8    30
1864 07 1864.540  103.8  12.4    31
1864 08 1864.624  104.1  12.5    31
1864 09 1864.708   54.2   8.9    30
1864 10 1864.791   64.4   9.7    31
1864 11 1864.874  109.3  12.7    30
1864 12 1864.958   54.3   8.9    31
1865 01 1865.042   92.5  11.7    31
1865 02 1865.123   74.6  10.5    28
1865 03 1865.204   75.0  10.5    31
1865 04 1865.288   55.9   9.0    30
1865 05 1865.371   65.6   9.8    31
1865 06 1865.455   63.8   9.7    30
1865 07 1865.538   50.8   8.6    31
1865 08 1865.623   71.8  10.3    31
1865 09 1865.707   41.0   7.7    30
1865 10 1865.790   32.5   6.9    31
1865 11 1865.874   46.7   8.2    30
1865 12 1865.958   24.3   5.9    31
1866 01 1866.042   60.0   9.4    31
1866 02 1866.123   72.9  10.4    28
1866 03 1866.204   46.6   8.2    31
1866 04 1866.288   33.5   7.0    30
1866 05 1866.371   24.6   6.0    31
1866 06 1866.455   31.4   6.7    30
1866 07 1866.538   17.6   5.0    31
1866 08 1866.623   24.2   5.9    31
1866 09 1866.707   13.9   4.5    30
1866 10 1866.790   26.8   6.2    31
1866 11 1866.874   17.2   5.0    30
1866 12 1866.958    2.9   2.0    31
1867 01 1867.042    0.0   0.0    31
1867 02 1867.123    1.4   1.4    28
1867 03 1867.204   17.4   5.0    31
1867 04 1867.288    9.7   3.7    30
1867 05 1867.371    5.5   2.8    31
1867 06 1867.455    2.8   2.0    30
1867 07 1867.538    9.5   3.7    31
1867 08 1867.623    9.1   3.6    31
1867 09 1867.707   18.7   5.2    30
1867 10 1867.790   25.5   6.1    31
1867 11 1867.874   18.1   5.1    30
1867 12 1867.958   47.9   8.4    31
1868 01 1868.042   25.9   5.9    31
1868 02 1868.124   26.3   5.8    29
1868 03 1868.206   44.0   7.5    31
1868 04 1868.290   61.1   8.8    30
1868 05 1868.373   44.5   7.5    31
1868 06 1868.456   51.8   8.1    30
1868 07 1868.540   48.3   7.9    31
1868 08 1868.624   57.3   8.5    31
1868 09 1868.708   78.7  10.0    30
1868 10 1868.791  102.8  11.4    31
1868 11 1868.874   98.7  11.2    30
1868 12 1868.958  112.8  11.9    31
1869 01 1869.042  101.6  11.3    31
1869 02 1869.123   99.9  11.2    28
1869 03 1869.204   88.0  10.5    31
1869 04 1869.288   68.4   9.3    30
1869 05 1869.371  173.4  14.8    31
1869 06 1869.455  180.7  15.1    30
1869 07 1869.538   98.8  11.2    31
1869 08 1869.623  132.7  12.9    31
1869 09 1869.707  134.5  13.0    30
1869 10 1869.790   99.0  11.2    31
1869 11 1869.874  130.2  12.8    30
1869 12 1869.958  174.1  14.8    31
1870 01 1870.042  129.0  12.7    31
1870 02 1870.123  191.7  15.5    28
1870 03 1870.204  262.7  18.2    31
1870 04 1870.288  266.9  18.3    30
1870 05 1870.371  293.6  19.2    31
1870 06 1870.455  226.3  16.9    30
1870 07 1870.538  220.9  16.7    31
1870 08 1870.623  256.5  18.0    31
1870 09 1870.707  226.8  16.9    30
1870 10 1870.790  244.3  17.5    31
1870 11 1870.874  246.0  17.6    30
1870 12 1870.958  216.7  16.5    31
1871 01 1871.042  147.2  13.6    31
1871 02 1871.123  209.0  16.2    28
1871 03 1871.204  238.7  17.4    31
1871 04 1871.288  270.9  18.5    30
1871 05 1871.371  242.6  17.5    31
1871 06 1871.455  152.9  13.9    30
1871 07 1871.538  171.8  14.7    31
1871 08 1871.623  183.7  15.2    31
1871 09 1871.707  133.9  13.0    30
1871 10 1871.790  148.5  13.7    31
1871 11 1871.874  175.7  14.9    30
1871 12 1871.958  150.8  13.8    31
1872 01 1872.042  132.7  12.9    31
1872 02 1872.124  200.3  15.9    29
1872 03 1872.206  147.5  13.6    31
1872 04 1872.290  170.4  14.7    30
1872 05 1872.373  179.5  15.0    31
1872 06 1872.456  183.3  15.2    30
1872 07 1872.540  176.0  14.9    31
1872 08 1872.624  155.0  14.0    31
1872 09 1872.708  191.1  15.5    30
1872 10 1872.791  171.2  14.7    31
1872 11 1872.874  186.8  15.3    30
1872 12 1872.958  139.9  13.3    31
1873 01 1873.042  144.6  13.5    31
1873 02 1873.123  178.4  15.0    28
1873 03 1873.204  164.0  14.4    31
1873 04 1873.288  127.1  12.7    30
1873 05 1873.371   80.0  10.1    31
1873 06 1873.455   74.8   9.8    30
1873 07 1873.538  111.7  11.9    31
1873 08 1873.623  113.8  12.0    31
1873 09 1873.707   78.7  10.0    30
1873 10 1873.790   78.6  10.0    31
1873 11 1873.874   92.5  10.8    30
1873 12 1873.958   82.0  10.2    31
1874 01 1874.042  101.4  11.3    31
1874 02 1874.123  107.1  11.6    28
1874 03 1874.204   77.5   9.9    31
1874 04 1874.288   53.5   8.2    30
1874 05 1874.371   74.6   9.7    31
1874 06 1874.455   63.8   9.0    30
1874 07 1874.538  113.2  11.9    31
1874 08 1874.623  102.3  11.3    31
1874 09 1874.707   46.8   7.7    30
1874 10 1874.790   57.4   8.5    31
1874 11 1874.874   48.2   7.8    30
1874 12 1874.958   48.8   7.9    31
1875 01 1875.042   24.4   5.7    31
1875 02 1875.123   35.9   6.8    28
1875 03 1875.204   56.4   8.4    31
1875 04 1875.288   48.6   7.8    30
1875 05 1875.371   19.2   5.1    31
1875 06 1875.455   39.9   7.1    30
1875 07 1875.538   20.9   5.3    31
1875 08 1875.623   24.4   5.7    31
1875 09 1875.707    4.0   2.9    30
1875 10 1875.790   21.3   5.3    31
1875 11 1875.874   29.6   6.3    30
1875 12 1875.958   16.5   4.8    31
1876 01 1876.042   23.9   5.7    31
1876 02 1876.124   25.1   5.7    29
1876 03 1876.206   51.1   8.1    31
1876 04 1876.290    3.9   2.9    30
1876 05 1876.373    8.5   3.7    31
1876 06 1876.456    2.7   2.6    30
1876 07 1876.540   25.5   5.8    31
1876 08 1876.624   14.8   4.5    31
1876 09 1876.708   16.6   4.8    30
1876 10 1876.791   23.9   5.6    31
1876 11 1876.874   16.6   4.8    30
1876 12 1876.958   13.6   4.4    31
1877 01 1877.042   40.6   7.2    31
1877 02 1877.123   14.5   4.4    28
1877 03 1877.204   19.9   5.2    31
1877 04 1877.288   26.3   5.9    30
1877 05 1877.371   36.1   6.8    31
1877 06 1877.455   23.6   5.5    30
1877 07 1877.538   10.0   3.8    31
1877 08 1877.623   10.5   3.9    31
1877 09 1877.707   28.1   6.0    30
